+12482781026
+19084026096
+18043914388
+18143957342
+15207896942
+12242740253
+14697961076
+17795485604
+16025296408
+19133186823
+16812147532
+17863221051
+17863221051
+12482781026
+19084026096
+18043914388
+18143957342
+15207896942
+12242740253
+14697961076
+17795485604
+16025296408
+19133186823
+16812147532
+17863221051
+17863221051
+12482781026
+19084026096
+18043914388
+18143957342
+15207896942
+12242740253
+14697961076
+17795485604
+16025296408
+19133186823
+16812147532
+17863221051
+17863221051
+17863221051
+17863221051
+15174929457
+15307218187
+14437201482
+17547037119
+13852470857
+13866015836
+13866012259
+13854743633
+12108900163
+17404303982
+16055255822
+16055255822
+15174929457
+15307218187
+14437201482
+17547037119
+13852470857
+13866015836
+13866012259
+13854743633
+12108900163
+17404303982
+16055255822
+16055255822
